SIZES
  nstack                1703936
  nbuffer               8752
  nplugin               0
  pstack                64
  parena                11616
  maxuse_stack          325
  maxuse_arena          14216
  maxuse_con            3
  maxuse_efc            18
  solver_iter           5
  solver_nnz            64
  nbodypair_broad       1
  nbodypair_narrow      1
  ngeompair_mid         1
  ngeompair_narrow      1
  ne                    0
  nf                    0
  nefc                  18
  nnzJ                  144
  ncon                  3

SOLVER STAT
  solver_iter = 5
  solver_nnz = 64
    0:  improvement =  0.34      gradient =  1.8e-16   lineslope =  0       
        nactive = 12   nchange = 0   neval = 2   nupdate = 0
    1:  improvement =  3.3       gradient =  0         lineslope =  0       
        nactive = 12   nchange = 0   neval = 0   nupdate = 0
    2:  improvement =  6.9e-06   gradient =  0         lineslope =  0       
        nactive = 12   nchange = 0   neval = 0   nupdate = 0
    3:  improvement =  1.3e-06   gradient =  0         lineslope =  0       
        nactive = 12   nchange = 0   neval = 0   nupdate = 0
    4:  improvement =  9.3e-07   gradient =  0         lineslope =  0       
        nactive = 12   nchange = 0   neval = 0   nupdate = 0
solver_fwdinv =   0         0       

ENERGY =   5.9       0.00013 

TIME =  78      

QPOS
   2.5     
   2.5     
   0.1     
   0.46    
   0.031   
   0.12    
  -0.71    
   0.11    
   0.69    

QVEL
   3.2e-14 
   2.4e-14 
   0.0056  
   0.0054  
  -0.0081  
  -0.0045  
  -0.11    
   0.21    

QACC_WARMSTART
   2e-14   
   1.1e-13 
  -0.21    
  -0.026   
   1.1     
  -0.012   
   6.7     
  -3.1     

QFRC_APPLIED
   1.1e-16 
   1e-15   
   0       
   0       
   0       
   0       
   0       
   0       

XFRC_APPLIED
   0         0         0         0         0         0       
   0         0         0         0         0         0       
   0         0         0         0         0         0       
   0         0         0         0         0         0       
   0         0         0         0         0         0       

QACC
   2e-14   
   1.1e-13 
  -0.23    
  -0.028   
   1.1     
  -0.019   
   6.4     
  -3       

XPOS
   0         0         0       
   0         0         0.17    
   0.17      0         0.34    
  -0.17      0         0.34    
   0.1       0.46      0.032   

XQUAT
   1         0         0         0       
   1         0         0         0       
   0.32      0         0.95      0       
   0.34      0        -0.94      0       
   0.12     -0.71      0.11      0.69    

XMAT
   1         0         0         0         1         0         0         0         1       
   1         0         0         0         1         0         0         0         1       
  -0.8       0         0.6       0         1         0        -0.6       0        -0.8     
  -0.77     -0        -0.64      0         1        -0         0.64      0        -0.77    
   0.033    -0.31     -0.95      0.0065   -0.95      0.31     -1        -0.017    -0.029   

XIPOS
   0         0         0       
   0         0         0.14    
   0.31     -1.5e-09   0.44    
  -0.3      -3.9e-10   0.45    
   0.014     0.49      0.029   

XIMAT
   1         0         0         0         1         0         0         0         1       
   0         0         1         0        -1         0         1         0         0       
   0.6       0        -0.8       0        -1        -0        -0.8       0        -0.6     
  -0.64     -0        -0.77      0        -1         0        -0.77      0         0.64    
   0.033    -1        -0.035     0.0065   -0.034     1        -1        -0.033     0.0054  

XANCHOR
   0.17      0         0.34    
  -0.17      0         0.34    
   0.1       0.46      0.032   

XAXIS
   0         1         0       
   0        -1         0       
   0         0         1       

GEOM_XPOS
   0         0         0       
   0         0         0.0025  
   0.17      0         0.17    
  -0.17      0         0.17    
   0         0.16      0.17    
   0        -0.16      0.17    
   0.31     -1.5e-09   0.44    
  -0.3      -3.9e-10   0.45    
   0.014     0.49      0.029   

GEOM_XMAT
   1         0         0         0         1         0         0         0         1       
   1         0         0         0         1         0         0         0         1       
   1         0         0         0         1         0         0         0         1       
   1         0         0         0         1         0         0         0         1       
   1         0         0         0         1         0         0         0         1       
   1         0         0         0         1         0         0         0         1       
   0.6       0        -0.8       0        -1        -0        -0.8       0        -0.6     
  -0.64     -0        -0.77      0        -1         0        -0.77      0         0.64    
   0.033    -1        -0.035     0.0065   -0.034     1        -1        -0.033     0.0054  

LIGHT_XPOS
   0         0         5       

LIGHT_XDIR
   0         0        -1       

SUBTREE_COM
   0.0039    0.13      0.14    
   0.00032  -1.3e-10   0.18    
   0.31     -1.5e-09   0.44    
  -0.3      -3.9e-10   0.45    
   0.014     0.49      0.029   

CDOF
   0         1         0        -0.16      0         0.17    
   0        -1         0         0.16      0         0.17    
   0         0         0         1         0         0       
   0         0         0         0         1         0       
   0         0         0         0         0         1       
   0.033     0.0065   -1         0.032     0.087     0.0016  
  -0.31     -0.95     -0.017     0.0031    0.00061  -0.093   
  -0.95      0.31     -0.029     0.0001    2e-05    -0.003   

CINERT
   0         0         0         0         0         0         0         0         0         0       
   0.08      0.085     0.09      1.2e-13  -3.7e-05   1.5e-11  -0.0009    3.6e-10  -0.12      2.8     
   0.017     0.037     0.023     9.2e-11  -0.018     7.9e-11   0.066    -3e-10     0.057     0.22    
   0.018     0.037     0.023    -1.7e-11   0.019     1.5e-11  -0.065    -5.6e-11   0.058     0.22    
   0.0039    0.0016    0.005     8e-05    -3.7e-05  -2e-05    -2e-18    -6.4e-17   0         1.1     

CRB
   0         0         0         0         0         0         0         0         0         0       
   0.12      0.16      0.14      7.6e-11   0.00028   1.1e-10   1.4e-17  -5.2e-26  -3.5e-17   3.2     
   0.017     0.037     0.023     9.2e-11  -0.018     7.9e-11   0.066    -3e-10     0.057     0.22    
   0.018     0.037     0.023    -1.7e-11   0.019     1.5e-11  -0.065    -5.6e-11   0.058     0.22    
   0.0039    0.0016    0.005     8e-05    -3.7e-05  -2e-05    -2e-18    -6.4e-17   0         1.1     

QM
   0.0083    0         0         0         0         0         0         0       
   0         0.0083    0         0         0         0         0         0       
   0         0         1.1       0         0         0.037     0.0035    0.00012 
   0         0         0         1.1       0         0.1       0.0007    2.3e-05 
   0         0         0         0         1.1       0.0019   -0.11     -0.0035  
   0         0         0.037     0.1       0.0019    0.015    -1.1e-08  -8e-09   
   0         0         0.0035    0.0007   -0.11     -1.1e-08   0.012     0.0011  
   0         0         0.00012   2.3e-05  -0.0035   -8e-09     0.0011    0.0036  

QLD
   0.0083    0         0         0         0         0         0         0       
   0         0.0083    0         0         0         0         0         0       
   0         0         0.92     -0.52      0.16      2.5       0.3       0.032   
   0         0        -0.52      0.47     -0.036     6.7       0.06      0.0062  
   0         0         0.16     -0.036     0.17      0.13     -9.2      -0.96    
   0         0         2.5       6.7       0.13      0.015    -7.7e-07  -2.2e-06 
   0         0         0.3       0.06     -9.2      -7.7e-07   0.011     0.3     
   0         0         0.032     0.0062   -0.96     -2.2e-06   0.3       0.0036  

QLDIAGINV
   1.2e+02 
   1.2e+02 
   1.1     
   2.1     
   5.9     
   67      
   87      
   2.8e+02 

QLDIAGSQRTINV
   11      
   11      
   1       
   1.5     
   2.4     
   8.2     
   9.3     
   17      

D_rownnz              1 1 6 6 6 6 6 6

D_rowadr              0 1 2 8 14 20 26 32

D_colind              0 1 2 3 4 5 6 7 2 3 4 5 6 7 2 3 4 5 6 7 2 3 4 5 6 7 2 3 4 5 6 7 2 3 4 5 6 7

B_rownnz              8 2 1 1 6

B_rowadr              0 8 10 11 12

B_colind              0 1 2 3 4 5 6 7 0 1 0 1 2 3 4 5 6 7

QDERIV
   0         0         0         0         0         0         0         0       
   0         0         0         0         0         0         0         0       
   0         0         0         0         0         0         0         0       
   0         0         0         0         0         0         0         0       
   0         0         0         0         0         0         0         0       
   0         0         0         0         0         0         0         0       
   0         0         0         0         0         0         0         0       
   0         0         0         0         0         0         0         0       

QLU
   0         0         0         0         0         0         0         0       
   0         0         0         0         0         0         0         0       
   0         0         0         0         0         0         0         0       
   0         0         0         0         0         0         0         0       
   0         0         0         0         0         0         0         0       
   0         0         0         0         0         0         0         0       
   0         0         0         0         0         0         0         0       
   0         0         0         0         0         0         0         0       

CONTACT
  0:
     dim           4
     geom          floor 8
     exclude       0
     efc_address   0
     solref         0.02      1       
     solimp         0.9       0.95      0.001     0.5       2       
     dist          -0.0011  
     includemargin  0       
     pos            0.077     0.4      -0.00053 
     frame          0         0         1         0         1         0        -1         0         0       
     friction       2         2         0.05      0.01      0.01    
     mu             2       
  1:
     dim           4
     geom          floor 8
     exclude       0
     efc_address   6
     solref         0.02      1       
     solimp         0.9       0.95      0.001     0.5       2       
     dist          -0.00073 
     includemargin  0       
     pos           -0.042     0.58     -0.00036 
     frame          0         0         1         0         1         0        -1         0         0       
     friction       2         2         0.05      0.01      0.01    
     mu             2       
  2:
     dim           4
     geom          floor 8
     exclude       0
     efc_address   12
     solref         0.02      1       
     solimp         0.9       0.95      0.001     0.5       2       
     dist          -0.00012 
     includemargin  0       
     pos           -0.0098    0.44     -6.1e-05 
     frame          0         0         1         0         1         0        -1         0         0       
     friction       2         2         0.05      0.01      0.01    
     mu             2       

EFC_TYPE
  6
  6
  6
  6
  6
  6
  6
  6
  6
  6
  6
  6
  6
  6
  6
  6
  6
  6

EFC_ID
  0
  0
  0
  0
  0
  0
  1
  1
  1
  1
  1
  1
  2
  2
  2
  2
  2
  2

EFC_J
   0         0         0         2         1         0.048    -0.024     0.0035  
   0         0         0        -2         1        -0.052     0.015     0.12    
   0         0        -2         0         1         0.12     -0.063     0.087   
   0         0         2         0         1        -0.12      0.055     0.039   
   0         0         0         0         1        -0.052    -0.0052    0.061   
   0         0         0         0         1         0.048    -0.0035    0.064   
   0         0         0         2         1         0.29     -0.19     -0.12    
   0         0         0        -2         1        -0.28     -0.16     -0.014   
   0         0        -2         0         1        -0.23     -0.24     -0.053   
   0         0         2         0         1         0.24     -0.11     -0.079   
   0         0         0         0         1        -0.045    -0.17     -0.067   
   0         0         0         0         1         0.055    -0.17     -0.064   
   0         0         0         2         1         0.22     -0.11      0.0021  
   0         0         0        -2         1        -0.22     -0.083     0.11    
   0         0        -2         0         1         0.044    -0.16      0.077   
   0         0         2         0         1        -0.044    -0.04      0.034   
   0         0         0         0         1        -0.05     -0.1       0.054   
   0         0         0         0         1         0.05     -0.098     0.057   

EFC_AR
   12       -2.2      -2.8       11        5.3       2.8      -1.7      -2.2       0.026    -3.9      -0.68     -3.2       2.2      -1.6      -4.7       5.3       1.6      -0.93    
  -2.2       18        9.1       4.3       5.4       8        -7.3      -1.7      -11        2.1      -5.8      -3.2      -2.5       6.5       2.6       1.4       0.71      3.3     
  -2.8       9.1       15       -6.8       1.3       5         1.4      -4        -4.1       1.5      -3.1       0.56      2.5       1.7       9.4      -5.2       0.28      3.9     
   11        4.3      -6.8       24        9.4       5.8      -10        0.076    -7        -3.3      -3.4      -7        -2.7       3.2      -11        12        2        -1.6     
   5.3       5.4       1.3       9.4       7.7       4.9      -5.6      -0.81     -3.8      -2.6      -2.7      -3.7      -0.59      2.9      -2.1       4.4       1.6       0.68    
   2.8       8         5         5.8       4.9       7.7      -3.4      -3.1      -7.3       0.79     -3.7      -2.7       0.35      2         0.019     2.3       0.65      1.7     
  -1.7      -7.3       1.4      -10       -5.6      -3.4       16       -2.3       4         7.6       4.7       6.9       6.3      -6.9       4        -4.6      -1.4       0.83    
  -2.2      -1.7      -4         0.076    -0.81     -3.1      -2.3       11        9.3      -2.5       4.5       2.3      -2.8       5.6       0.98      1.8       2.5       0.25    
   0.026    -11       -4.1      -7        -3.8      -7.3       4         9.3       22       -6.8       8.4       4.9       1         1.9       5.4      -2.5       3.2      -0.25    
  -3.9       2.1       1.5      -3.3      -2.6       0.79      7.6      -2.5      -6.8       14        0.86      4.2       2.5      -3.2      -0.39     -0.32     -2         1.3     
  -0.68     -5.8      -3.1      -3.4      -2.7      -3.7       4.7       4.5       8.4       0.86      7.2       4.1       1.3      -0.19      1.4      -0.33      1.1       0.037   
  -3.2      -3.2       0.56     -7        -3.7      -2.7       6.9       2.3       4.9       4.2       4.1       7.2       2.2      -1.1       3.6      -2.5       0.07      1       
   2.2      -2.5       2.5      -2.7      -0.59      0.35      6.3      -2.8       1         2.5       1.3       2.2       9        -2.8       3.1      -0.68      0.72      1.7     
  -1.6       6.5       1.7       3.2       2.9       2        -6.9       5.6       1.9      -3.2      -0.19     -1.1      -2.8       12        2.8       2.9       3.3       2.4     
  -4.7       2.6       9.4      -11       -2.1       0.019     4         0.98      5.4      -0.39      1.4       3.6       3.1       2.8       16       -5.9       1.9       4       
   5.3       1.4      -5.2       12        4.4       2.3      -4.6       1.8      -2.5      -0.32     -0.33     -2.5      -0.68      2.9      -5.9       12        2.2       0.034   
   1.6       0.71      0.28      2         1.6       0.65     -1.4       2.5       3.2      -2         1.1       0.07      0.72      3.3       1.9       2.2       6.3       1.5     
  -0.93      3.3       3.9      -1.6       0.68      1.7       0.83      0.25     -0.25      1.3       0.037     1         1.7       2.4       4         0.034     1.5       6.3     

EFC_POS
  -0.0011  
  -0.0011  
  -0.0011  
  -0.0011  
  -0.0011  
  -0.0011  
  -0.00073 
  -0.00073 
  -0.00073 
  -0.00073 
  -0.00073 
  -0.00073 
  -0.00012 
  -0.00012 
  -0.00012 
  -0.00012 
  -0.00012 
  -0.00012 

EFC_MARGIN
   0       
   0       
   0       
   0       
   0       
   0       
   0       
   0       
   0       
   0       
   0       
   0       
   0       
   0       
   0       
   0       
   0       
   0       

EFC_FRICTIONLOSS
   0       
   0       
   0       
   0       
   0       
   0       
   0       
   0       
   0       
   0       
   0       
   0       
   0       
   0       
   0       
   0       
   0       
   0       

EFC_DIAGAPPROX
   35      
   35      
   35      
   35      
   35      
   35      
   35      
   35      
   35      
   35      
   35      
   35      
   35      
   35      
   35      
   35      
   35      
   35      

EFC_KBIP
   2.8e+03   1.1e+02   0.95      0       
   2.8e+03   1.1e+02   0.95      0       
   2.8e+03   1.1e+02   0.95      0       
   2.8e+03   1.1e+02   0.95      0       
   2.8e+03   1.1e+02   0.95      0       
   2.8e+03   1.1e+02   0.95      0       
   2.8e+03   1.1e+02   0.94     -55      
   2.8e+03   1.1e+02   0.94     -55      
   2.8e+03   1.1e+02   0.94     -55      
   2.8e+03   1.1e+02   0.94     -55      
   2.8e+03   1.1e+02   0.94     -55      
   2.8e+03   1.1e+02   0.94     -55      
   2.8e+03   1.1e+02   0.9      -24      
   2.8e+03   1.1e+02   0.9      -24      
   2.8e+03   1.1e+02   0.9      -24      
   2.8e+03   1.1e+02   0.9      -24      
   2.8e+03   1.1e+02   0.9      -24      
   2.8e+03   1.1e+02   0.9      -24      

EFC_D
   0.54    
   0.54    
   0.54    
   0.54    
   0.54    
   0.54    
   0.47    
   0.47    
   0.47    
   0.47    
   0.47    
   0.47    
   0.26    
   0.26    
   0.26    
   0.26    
   0.26    
   0.26    

EFC_R
   1.8     
   1.8     
   1.8     
   1.8     
   1.8     
   1.8     
   2.1     
   2.1     
   2.1     
   2.1     
   2.1     
   2.1     
   3.8     
   3.8     
   3.8     
   3.8     
   3.8     
   3.8     

CVEL
   0         0         0         0         0         0       
   0         0         0         0         0         0       
   0         3.2e-14   0        -5.1e-15   0         5.4e-15 
   0        -2.3e-14   0         3.7e-15   0         3.9e-15 
  -0.17      0.21     -7.5e-17   0.0061    0.0051   -0.00084 

CDOF_DOT
   0         0         0         0         0         0       
   0         0        -0         0         0         0       
   0         0         0         0         0         0       
   0         0         0         0         0         0       
   0         0         0         0         0         0       
  -0         0         0        -0.0055    0.0062   -0.00014 
   0         0         0        -0.013     0.0043   -0.0046  
  -0         0         0         0.0041    0.013     0.0074  

QFRC_BIAS
  -0.29    
  -0.28    
   0.003   
   0.0025  
   11      
   0.019   
  -1       
  -0.034   

QFRC_PASSIVE
  -0.29    
  -0.28    
   0       
   0       
   0       
   0       
   0       
   0       

EFC_VEL
   0.0016  
   0.0016  
   0.0016  
   0.0017  
   0.0016  
   0.0016  
  -0.0038  
  -0.0039  
  -0.0039  
  -0.0037  
  -0.0038  
  -0.0038  
   0.014   
   0.013   
   0.013   
   0.014   
   0.013   
   0.013   

EFC_AREF
   2.6     
   2.6     
   2.6     
   2.6     
   2.6     
   2.6     
   2.3     
   2.3     
   2.3     
   2.3     
   2.3     
   2.3     
  -1.1     
  -1.1     
  -1.1     
  -1.1     
  -1.1     
  -1.1     

SUBTREE_LINVEL
   0         0         0       
   0         0         0       
   0         0         0       
   0         0         0       
   0         0         0       

SUBTREE_ANGMOM
   0         0         0       
   0         0         0       
   0         0         0       
   0         0         0       
   0         0         0       

QFRC_ACTUATOR
   0       
   0       
   0       
   0       
   0       
   0       
   0       
   0       

QFRC_SMOOTH
   1.7e-16 
   8.9e-16 
  -0.003   
  -0.0025  
  -11      
  -0.019   
   1       
   0.034   

QACC_SMOOTH
   2e-14   
   1.1e-13 
  -0.0032  
  -0.0036  
  -9.8     
   0.016   
   0.00077 
   0.00059 

EFC_B
  -12      
  -12      
  -12      
  -12      
  -12      
  -12      
  -12      
  -12      
  -12      
  -12      
  -12      
  -12      
  -8.7     
  -8.7     
  -8.7     
  -8.7     
  -8.7     
  -8.7     

EFC_FORCE
   0.95    
   0.95    
   0.98    
   0.92    
   0.96    
   0.94    
   1       
   1       
   1       
   0.99    
   1       
   1       
   0       
   0       
   0       
   0       
   0       
   0       

EFC_STATE
  1
  1
  1
  1
  1
  1
  1
  1
  1
  1
  1
  1
  0
  0
  0
  0
  0
  0

QFRC_CONSTRAINT
   0       
   0       
  -0.24    
  -0.027   
   12      
   0.0092  
  -1.1     
  -0.042   

QFRC_INVERSE
   1.1e-16 
   8.3e-16 
  -0.38    
   0.037   
   2.7     
  -0.014   
  -0.01    
   0.18    

CACC
   0         0         0         0         0         0       
   0         0         0         0         0         0       
   0         0         0         0         0         0       
   0         0         0         0         0         0       
   0         0         0         0         0         0       

CFRC_INT
   0         0         0         0         0         0       
   0         0         0         0         0         0       
   0         0         0         0         0         0       
   0         0         0         0         0         0       
   0         0         0         0         0         0       

CFRC_EXT
   0         0         0         0         0         0       
   0         0         0         0         0         0       
   0         0         0         0         0         0       
   0         0         0         0         0         0       
   0         0         0         0         0         0       

